image: robot_map.pgm
resolution: 0.350000
origin: [-23.450000, -23.450000, 0.000000]
negate: 0
occupied_thresh: 0.65
free_thresh: 0.196

